Chain ID,Residue name,Residue sequence,Conf 1(Input)
A,MET,22,-0.0045
A,TYR,25,-0.0513
A,VAL,86,-0.0538
A,PHE,87,-0.8660
A,ALA,88,-0.0478
A,CYS,89,-0.0343
A,SER,90,-0.4378
A,PHE,91,-0.6987
A,VAL,92,-0.0359
A,ASN,93,-0.0437
A,PHE,94,-0.5310
A,HIS,95,-0.3432
A,ASP,101,-0.0107
A,PHE,106,-0.2984
A,LEU,107,-0.0029
A,LYS,109,-0.1605
A,ILE,110,-0.6736
A,GLY,111,-0.0413
A,SER,112,-0.0037
A,VAL,113,-0.6478
A,THR,114,-0.4875
A,MET,115,-0.0125
A,PHE,117,-0.6741
A,THR,118,-0.0339
A,VAL,121,-0.0092
A,VAL,164,-0.0073
A,SER,165,-0.0430
A,PRO,168,-0.0400
A,SER,180,-0.0174
A,LEU,182,-0.1208
A,PHE,183,-1.0910
A,PRO,184,-0.1518
A,ILE,186,-0.1784
A,PRO,187,-0.0280
A,TYR,190,-0.2222
A,LEU,191,-0.2009
A,LEU,192,-0.0074
A,TRP,194,-0.7995
A,LEU,195,-0.0992
A,ILE,198,-0.0639
A,PHE,202,-0.0130
A,CYS,257,-0.0163
A,TRP,258,-0.5657
A,PHE,259,-0.0080
A,VAL,261,-0.3337
A,LEU,262,-0.2449
A,ALA,263,-0.0040
A,MET,265,-0.2388
A,PHE,281,-0.4209
A,ALA,282,-0.0467
A,CYS,284,-0.0210
A,SER,285,-0.3227
A,MET,286,-0.0207
A,LEU,287,-0.0079
A,CYS,288,-0.2927
A,LEU,289,-0.0036

Intra-Ligand Free,,,-0.9486
Inter-Ligand Free,,,-15.8872
Total Free Energy,,,-16.8358
Normalized Total Free Energy,,,-10.8247
