Chain ID,Residue name,Residue sequence,Conf 1(Input)
A,LEU,83,-0.0299
A,LEU,86,-0.0291
A,VAL,87,-0.3427
A,LEU,88,-0.1442
A,PRO,89,-0.0603
A,LEU,90,-0.2503
A,PHE,91,-0.8218
A,VAL,92,-0.0596
A,TYR,93,-0.0343
A,SER,94,-0.1468
A,GLU,95,-0.0823
A,GLY,99,-0.0258
A,ALA,100,-0.0127
A,TRP,101,-0.2088
A,LEU,107,-0.0161
A,CYS,108,-0.1549
A,ALA,110,-0.0073
A,LEU,111,-0.4003
A,MET,112,-0.7313
A,ALA,113,-0.0296
A,MET,114,-0.0502
A,ASP,115,-0.0463
A,VAL,116,-0.7077
A,MET,117,-0.0914
A,LEU,118,-0.0590
A,CYS,119,-0.3289
A,THR,120,-0.0752
A,ALA,121,-0.0051
A,ILE,123,-0.0313
A,SER,163,-0.0033
A,VAL,166,-0.0435
A,ALA,167,-0.0125
A,VAL,170,-0.0252
A,VAL,184,-0.0091
A,CYS,185,-0.3546
A,ARG,186,-0.3182
A,LEU,187,-0.5339
A,GLU,188,-0.0082
A,ASP,189,-0.0043
A,ARG,190,-0.0033
A,ASP,191,-0.0032
A,TYR,192,-0.2576
A,VAL,193,-0.3117
A,VAL,194,-0.0314
A,TYR,195,-0.0455
A,SER,196,0.0253
A,SER,197,-0.2237
A,VAL,198,-0.0136
A,CYS,199,-0.0234
A,SER,200,-0.1935
A,PHE,201,-0.0582
A,TRP,407,-0.2628
A,PHE,410,-0.8187
A,PHE,411,-0.4957
A,HIS,414,-0.5717
A,ILE,415,-0.0247
A,GLN,417,-0.0044
A,ALA,418,-0.0040
A,VAL,430,-0.0325
A,SER,431,-0.0037
A,VAL,433,-0.0139
A,THR,434,-0.2970
A,TRP,435,-0.0050
A,GLY,437,-0.0084
A,TYR,438,-0.5510

Intra-Ligand Free,,,-0.6752
Inter-Ligand Free,,,-13.9771
Total Free Energy,,,-14.6523
Normalized Total Free Energy,,,-10.3476
